759807
759808
759809
759810
759811
759812
759813
759814
759815
759816
759817
759818
759819
759820
759821
759822
759823
759824
759825
759826
759827
759828
759829
759830
759831
759832
759833
759834
759835
759836
759837
759838
759839
759840
759841
759842
759843
759844
759845
759846
759847
759848
759849
759850
759851
759852
759853
759854
759855
759856
759857
759858
759859
759860
759861
759862
759863
759864
759865
759866
759867
759868
759869
759870
759871
759872
759873
759874
759875
759876
759877
759878
759879
759880
759881
759882
759883
759884
759885
759886
759887
759888
759889
759890
759891
759892
759893
759894
759895
759896
759897
759898
759899
759900
759901
759902
759903
759904
759905
759906
759907
759908
759909
759910
759911
759912
759913
759914
759915
759916
759917
759918
759919
759920
759921
759922
759923
759924
759925
759926
759927
759928
759929
759930
759931
759932
759933
759934
759935
759936
759937
759938
759939
759940
759941
759942
759943
759944
759945
759946
759947
759948
759949
759950
759951
759952
759953
759954
759955
759956
759957
759958
759959
759960
759961
759962
759963
759964
759965
759966
759967
759968
759969
759970
759971
759972
759973
759974
759975
759976
759977
759978
759979
759980
759981
759982
759983
759984
759985
759986
759987
759988
759989
759990
759991
759992
759993
759994
759995
759996
759997
759998
759999
760000
760001
760002
760003
760004
760005
760006
760007
760008
760009
760010
760011
760012
760013
760014
760015
760016
760017
760018
760019
760020
760021
760022
760023
760024
760025
760026
760027
760028
760029
760030
760031
760032
760033
760034
760035
760036
760037
760038
760039
760040
760041
760042
760043
760044
760045
760046
760047
760048
760049
760050
760051
760052
760053
760054
760055
760056
760057
760058
760059
760060
760061
760062
760063
760064
760065
760066
760067
760068
760069
760070
760071
760072
760073
760074
760075
760076
760077
760078
760079
760080
760081
760082
760083
760084
760085
760086
760087
760088
760089
760090
760091
760092
760093
760094
760095
760096
760097
760098
760099
760100
760101
760102
760103
760104
760105
760106
760107
760108
760109
760110
760111
760112
760113
760114
760115
760116
760117
760118
760119
760120
760121
760122
760123
760124
760125
760126
760127
760128
760129
760130
760131
760132
760133
760134
760135
760136
760137
760138
760139
760140
760141
760142
760143
760144
760145
760146
760147
760148
760149
760150
760151
760152
760153
760154
760155
760156
760157
760158
760159
760160
760161
760162
760163
760164
760165
760166
760167
760168
760169
760170
760171
760172
760173
760174
760175
760176
760177
760178
760179
760180
760181
760182
760183
760184
760185
760186
760187
760188
760189
760190
760191
760192
760193
760194
760195
760196
760197
760198
760199
760200
760201
760202
760203
760204
760205
760206
760207
760208
760209
760210
760211
760212
760213
760214
760215
760216
760217
760218
760219
760220
760221
760222
760223
760224
760225
760226
760227
760228
760229
760230
760231
760232
760233
760234
760235
760236
760237
760238
760239
760240
760241
760242
760243
760244
760245
760246
760247
760248
760249
760250
760251
760252
760253
760254
760255
760256
760257
760258
760259
760260
760261
760262
760263
760264
760265
760266
760267
760268
760269
760270
760271
760272
760273
760274
760275
760276
760277
760278
760279
760280
760281
760282
760283
760284
760285
760286
760287
760288
760289
760290
760291
760292
760293
760294
760295
760296
760297
760298
760299
760300
760301
760302
760303
760304
760305
760306
760307
760308
760309
760310
760311
760312
760313
760314
760315
760316
760317
760318
760319
760320
760321
760322
760323
760324
760325
760326
760327
760328
760329
760330
760331
760332
760333
760334
760335
760336
760337
760338
760339
760340
760341
760342
760343
760344
760345
760346
760347
760348
760349
760350
760351
760352
760353
760354
760355
760356
760357
760358
760359
760360
760361
760362
760363
760364
760365
760366
760367
760368
760369
760370
760371
760372
760373
760374
760375
760376
760377
760378
760379
760380
760381
760382
760383
760384
760385
760386
760387
760388
760389
760390
760391
760392
760393
760394
760395
760396
760397
760398
760399
760400
760401
760402
760403
760404
760405
760406
760407
760408
760409
760410
760411
760412
760413
760414
760415
760416
760417
760418
760419
760420
760421
760422
760423
760424
760425
760426
760427
760428
760429
760430
760431
760432
760433
760434
760435
760436
760437
760438
760439
760440
760441
760442
760443
760444
760445
760446
760447
760448
760449
760450
760451
760452
760453
760454
760455
760456
760457
760458
760459
760460
760461
760462
760463
760464
760465
760466
760467
760468
760469
760470
760471
760472
760473
760474
760475
760476
760477
760478
760479
760480
760481
760482
760483
760484
760485
760486
760487
760488
760489
760490
760491
760492
760493
760494
760495
760496
760497
760498
760499
760500
760501
760502
760503
760504
760505
760506
760507
760508
760509
760510
760511
760512
760513
760514
760515
760516
760517
760518
760519
760520
760521
760522
760523
760524
760525
760526
760527
760528
760529
760530
760531
760532
760533
760534
760535
760536
760537
760538
760539
760540
760541
760542
760543
760544
760545
760546
760547
760548
760549
760550
760551
760552
760553
760554
760555
760556
760557
760558
760559
760560
760561
760562
760563
760564
760565
760566
760567
760568
760569
760570
760571
760572
760573
760574
760575
760576
760577
760578
760579
760580
760581
760582
760583
760584
760585
760586
760587
760588
760589
760590
760591
760592
760593
760594
760595
760596
760597
760598
760599
760600
760601
760602
760603
760604
760605
760606
760607
760608
760609
760610
760611
760612
760613
760614
760615
760616
760617
760618
760619
760620
760621
760622
760623
760624
760625
760626
760627
760628
760629
760630
760631
760632
760633
760634
760635
760636
760637
760638
760639
760640
760641
760642
760643
760644
760645
760646
760647
760648
760649
760650
760651
760652
760653
760654
760655
760656
760657
760658
760659
760660
760661
760662
760663
760664
760665
760666
760667
760668
760669
760670
760671
760672
760673
760674
760675
760676
760677
760678
760679
760680
760681
760682
760683
760684
760685
760686
760687
760688
760689
760690
760691
760692
760693
760694
760695
760696
760697
760698
760699
760700
760701
760702
760703
760704
760705
760706
760707
760708
760709
760710
760711
760712
760713
760714
760715
760716
760717
760718
760719
760720
760721
760722
760723
760724
760725
760726
760727
760728
760729
760730
760731
760732
760733
760734
760735
760736
760737
760738
760739
760740
760741
760742
760743
760744
760745
760746
760747
760748
760749
760750
760751
760752
760753
760754
760755
760756
760757
760758
760759
760760
760761
760762
760763
760764
760765
760766
760767
760768
760769
760770
760771
760772
760773
760774
760775
760776
760777
760778
760779
760780
760781
760782
760783
760784
760785
760786
760787
760788
760789
760790
760791
760792
760793
760794
760795
760796
760797
760798
760799
760800
760801
760802
760803
760804
760805
760806
760807
760808
760809
760810
760811
760812
760813
760814
760815
760816
760817
760818
760819
760820
760821
760822
760823
760824
760825
760826
760827
760828
760829
760830
760831
760832
760833
760834
760835
760836
760837
760838
760839
760840
760841
760842
760843
760844
760845
760846
760847
760848
760849
760850
760851
760852
760853
760854
760855
760856
760857
760858
760859
760860
760861
760862
760863
760864
760865
760866
760867
760868
760869
760870
760871
760872
760873
760874
760875
760876
760877
760878
760879
760880
760881
760882
760883
760884
760885
760886
760887
760888
760889
760890
760891
760892
760893
760894
760895
760896
760897
760898
760899
760900
760901
760902
760903
760904
760905
760906
760907
760908
760909
760910
760911
760912
760913
760914
760915
760916
760917
760918
760919
760920
760921
760922
760923
760924
760925
760926
760927
760928
760929
760930
760931
760932
760933
760934
760935
760936
760937
760938
760939
760940
760941
760942
760943
760944
760945
760946
760947
760948
760949
760950
760951
760952
760953
760954
760955
760956
760957
760958
760959
760960
760961
760962
760963
760964
760965
760966
760967
760968
760969
760970
760971
760972
760973
760974
760975
760976
760977
760978
760979
760980
760981
760982
760983
760984
760985
760986
760987
760988
760989
760990
760991
760992
760993
760994
760995
760996
760997
760998
760999
761000
761001
761002
761003
761004
761005
761006
761007
761008
761009
761010
761011
761012
761013
761014
761015
761016
761017
761018
761019
761020
761021
761022
761023
761024
761025
761026
761027
761028
761029
761030
761031
761032
761033
761034
761035
761036
761037
761038
761039
761040
761041
761042
761043
761044
761045
761046
761047
761048
761049
761050
761051
761052
761053
761054
761055
761056
761057
761058
761059
761060
761061
761062
761063
761064
761065
761066
761067
761068
761069
761070
761071
761072
761073
761074
761075
761076
761077
761078
761079
761080
761081
761082
761083
761084
761085
761086
761087
761088
761089
761090
761091
761092
761093
761094
761095
761096
761097
761098
761099
761100
761101
761102
761103
761104
761105
761106
761107
761108
761109
761110
761111
761112
761113
761114
761115
761116
761117
761118
761119
761120
761121
761122
761123
761124
761125
761126
761127
761128
761129
761130
761131
761132
761133
761134
761135
761136
761137
761138
761139
761140
761141
761142
761143
761144
761145
761146
761147
761148
761149
761150
761151
761152
761153
761154
761155
761156
761157
761158
761159
761160
761161
761162
761163
761164
761165
761166
761167
761168
761169
761170
761171
761172
761173
761174
761175
761176
761177
761178
761179
761180
761181
761182
761183
761184
761185
761186
761187
761188
761189
761190
761191
761192
761193
761194
761195
761196
761197
761198
761199
761200
761201
761202
761203
761204
761205
761206
761207
761208
761209
761210
761211
761212
761213
761214
761215
761216
761217
761218
761219
761220
761221
761222
761223
761224
761225
761226
761227
761228
761229
761230
761231
761232
761233
761234
761235
761236
761237
761238
761239
761240
761241
761242
761243
761244
761245
761246
761247
761248
761249
761250
761251
761252
761253
761254
761255
761256
761257
761258
761259
761260
761261
761262
761263
761264
761265
761266
761267
761268
761269
761270
761271
761272
761273
761274
761275
761276
761277
761278
761279
761280
761281
761282
761283
761284
761285
761286
761287
761288
761289
761290
761291
761292
761293
761294
761295
761296
761297
761298
761299
761300
761301
761302
761303
761304
761305
761306
761307
761308
761309
761310
761311
761312
761313
761314
761315
761316
761317
761318
761319
761320
761321
761322
761323
761324
761325
761326
761327
761328
761329
761330
761331
761332
761333
761334
761335
761336
761337
761338
761339
761340
761341
761342
761343
761344
761345
761346
761347
761348
761349
761350
761351
761352
761353
761354
761355
761356
761357
761358
761359
761360
761361
761362
761363
761364
761365
761366
761367
761368
761369
761370
761371
761372
761373
761374
761375
761376
761377
761378
761379
761380
761381
761382
761383
761384
761385
761386
761387
761388
761389
761390
761391
761392
761393
761394
761395
761396
761397
761398
761399
761400
761401
761402
761403
761404
761405
761406
761407
761408
761409
761410
761411
761412
761413
761414
761415
761416
761417
761418
761419
761420
761421
761422
761423
761424
761425
761426
761427
761428
761429
761430
761431
761432
761433
761434
761435
761436
761437
761438
761439
761440
761441
761442
761443
761444
761445
761446
761447
761448
761449
761450
761451
761452
761453
761454
761455
761456
761457
761458
761459
761460
761461
761462
761463
761464
761465
761466
761467
761468
761469
761470
761471
761472
761473
761474
761475
761476
761477
761478
761479
761480
761481
761482
761483
761484
761485
761486
761487
761488
761489
761490
761491
761492
761493
761494
761495
761496
761497
761498
761499
761500
761501
761502
761503
761504
761505
761506
761507
761508
761509
761510
761511
761512
761513
761514
761515
761516
761517
761518
761519
761520
761521
761522
761523
761524
761525
761526
761527
761528
761529
761530
761531
761532
761533
761534
761535
761536
761537
761538
761539
761540
761541
761542
761543
761544
761545
761546
761547
761548
761549
761550
761551
761552
761553
761554
761555
761556
761557
761558
761559
761560
761561
761562
761563
761564
761565
761566
761567
761568
761569
761570
761571
761572
761573
761574
761575
761576
761577
761578
761579
761580
761581
761582
761583
761584
761585
761586
761587
761588
761589
761590
761591
761592
761593
761594
761595
761596
761597
761598
761599
761600
761601
761602
761603
761604
761605
761606
761607
761608
761609
761610
761611
761612
761613
761614
761615
761616
761617
761618
761619
761620
761621
761622
761623
761624
761625
761626
761627
761628
761629
761630
761631
761632
761633
761634
761635
761636
761637
761638
761639
761640
761641
761642
761643
761644
761645
761646
761647
761648
761649
761650
761651
761652
761653
761654
761655
761656
761657
761658
761659
761660
761661
761662
761663
761664
761665
761666
761667
761668
761669
761670
761671
761672
761673
761674
761675
761676
761677
761678
761679
761680
761681
761682
761683
761684
761685
761686
761687
761688
761689
761690
761691
761692
761693
761694
761695
761696
761697
761698
761699
761700
761701
761702
761703
761704
761705
761706
761707
761708
761709
761710
761711
761712
761713
761714
761715
761716
761717
761718
761719
761720
761721
761722
761723
761724
761725
761726
761727
761728
761729
761730
761731
761732
761733
761734
761735
761736
761737
761738
761739
761740
761741
761742
761743
761744
761745
761746
761747
761748
761749
761750
761751
761752
761753
761754
761755
761756
761757
761758
761759
761760
761761
761762
761763
761764
761765
761766
761767
761768
761769
761770
761771
761772
761773
761774
761775
761776
761777
761778
761779
761780
761781
761782
761783
761784
761785
761786
761787
761788
761789
761790
761791
761792
761793
761794
761795
761796
761797
761798
761799
761800
761801
761802
761803
761804
761805
761806
761807
761808
761809
761810
761811
761812
761813
761814
761815
761816
761817
761818
761819
761820
761821
761822
761823
761824
761825
761826
761827
761828
761829
761830
761831
761832
761833
761834
761835
761836
761837
761838
761839
761840
761841
761842
761843
761844
761845
761846
761847
761848
761849
761850
761851
761852
761853
761854
761855
761856
761857
761858
761859
761860
761861
761862
761863
761864
761865
761866
761867
761868
761869
761870
761871
761872
761873
761874
761875
761876
761877
761878
761879
761880
761881
761882
761883
761884
761885
761886
761887
761888
761889
761890
761891
761892
761893
761894
761895
761896
761897
761898
761899
761900
761901
761902
761903
761904
761905
761906
761907
761908
761909
761910
761911
761912
761913
761914
761915
761916
761917
761918
761919
761920
761921
761922
761923
761924
761925
761926
761927
761928
761929
761930
761931
761932
761933
761934
761935
761936
761937
761938
761939
761940
761941
761942
761943
761944
761945
761946
761947
761948
761949
761950
761951
761952
761953
761954
761955
761956
761957
761958
761959
761960
761961
761962
761963
761964
761965
761966
761967
761968
761969
761970
761971
761972
761973
761974
761975
761976
761977
761978
761979
761980
761981
761982
761983
761984
761985
761986
761987
761988
761989
761990
761991
761992
761993
761994
761995
761996
761997
761998
761999
762000
762001
762002
762003
762004
762005
762006
762007
762008
762009
762010
762011
762012
762013
762014
762015
762016
762017
762018
762019
762020
762021
762022
762023
762024
762025
762026
762027
762028
762029
762030
762031
762032
762033
762034
762035
762036
762037
762038
762039
762040
762041
762042
762043
762044
762045
762046
762047
762048
762049
762050
762051
762052
762053
762054
762055
762056
762057
762058
762059
762060
762061
762062
762063
762064
762065
762066
762067
762068
762069
762070
762071
762072
762073
762074
762075
762076
762077
762078
762079
762080
762081
762082
762083
762084
762085
762086
762087
762088
762089
762090
762091
762092
762093
762094
762095
762096
762097
762098
762099
762100
762101
762102
762103
762104
762105
762106
762107
762108
762109
762110
762111
762112
762113
762114
762115
762116
762117
762118
762119
762120
762121
762122
762123
762124
762125
762126
762127
762128
762129
762130
762131
762132
762133
762134
762135
762136
762137
762138
762139
762140
762141
762142
762143
762144
762145
762146
762147
762148
762149
762150
762151
762152
762153
762154
762155
762156
762157
762158
762159
762160
762161
762162
762163
762164
762165
762166
762167
762168
762169
762170
762171
762172
762173
762174
762175
762176
762177
762178
762179
762180
762181
762182
762183
762184
762185
762186
762187
762188
762189
762190
762191
762192
762193
762194
762195
762196
762197
762198
762199
762200
762201
762202
762203
762204
762205
762206
762207
762208
762209
762210
762211
762212
762213
762214
762215
762216
762217
762218
762219
762220
762221
762222
762223
762224
762225
762226
762227
762228
762229
762230
762231
762232
762233
762234
762235
762236
762237
762238
762239
762240
762241
762242
762243
762244
762245
762246
762247
762248
762249
762250
762251
762252
762253
762254
762255
762256
762257
762258
762259
762260
762261
762262
762263
762264
762265
762266
762267
762268
762269
762270
762271
762272
762273
762274
762275
762276
762277
762278
762279
762280
762281
762282
762283
762284
762285
762286
762287
762288
762289
762290
762291
762292
762293
762294
762295
762296
762297
762298
762299
762300
762301
762302
762303
762304
762305
762306
762307
762308
762309
762310
762311
762312
762313
762314
762315
762316
762317
762318
762319
762320
762321
762322
762323
762324
762325
762326
762327
762328
762329
762330
762331
762332
762333
762334
762335
762336
762337
762338
762339
762340
762341
762342
762343
762344
762345
762346
762347
762348
762349
762350
762351
762352
762353
762354
762355
762356
762357
762358
762359
762360
762361
762362
762363
762364
762365
762366
762367
762368
762369
762370
762371
762372
762373
762374
762375
762376
762377
762378
762379
762380
762381
762382
762383
762384
762385
762386
762387
762388
762389
762390
762391
762392
762393
762394
762395
762396
762397
762398
762399
762400
762401
762402
762403
762404
762405
762406
762407
762408
762409
762410
762411
762412
762413
762414
762415
762416
762417
762418
762419
762420
762421
762422
762423
762424
762425
762426
762427
762428
762429
762430
762431
762432
762433
762434
762435
762436
762437
762438
762439
762440
762441
762442
762443
762444
762445
762446
762447
762448
762449
762450
762451
762452
762453
762454
762455
762456
762457
762458
762459
762460
762461
762462
762463
762464
762465
762466
762467
762468
762469
762470
762471
762472
762473
762474
762475
762476
762477
762478
762479
762480
762481
762482
762483
762484
762485
762486
762487
762488
762489
762490
762491
762492
762493
762494
762495
762496
762497
762498
762499
762500
762501
762502
762503
762504
762505
762506
762507
762508
762509
762510
762511
762512
762513
762514
762515
762516
762517
762518
762519
762520
762521
762522
762523
762524
762525
762526
762527
762528
762529
762530
762531
762532
762533
762534
762535
762536
762537
762538
762539
762540
762541
762542
762543
762544
762545
762546
762547
762548
762549
762550
762551
762552
762553
762554
762555
762556
762557
762558
762559
762560
762561
762562
762563
762564
762565
762566
762567
762568
762569
762570
762571
762572
762573
762574
762575
762576
762577
762578
762579
762580
762581
762582
762583
762584
762585
762586
762587
762588
762589
762590
762591
762592
762593
762594
762595
762596
762597
762598
762599
762600
762601
762602
762603
762604
762605
762606
762607
762608
762609
762610
762611
762612
762613
762614
762615
762616
762617
762618
762619
762620
762621
762622
762623
762624
762625
762626
762627
762628
762629
762630
762631
762632
762633
762634
762635
762636
762637
762638
762639
762640
762641
762642
762643
762644
762645
762646
762647
762648
762649
762650
762651
762652
762653
762654
762655
762656
762657
762658
762659
762660
762661
762662
762663
762664
762665
762666
762667
762668
762669
762670
762671
762672
762673
762674
762675
762676
762677
762678
762679
762680
762681
762682
762683
762684
762685
762686
762687
762688
762689
762690
762691
762692
762693
762694
762695
762696
762697
762698
762699
762700
762701
762702
762703
762704
762705
762706
762707
762708
762709
762710
762711
762712
762713
762714
762715
762716
762717
762718
762719
762720
762721
762722
762723
762724
762725
762726
762727
762728
762729
762730
762731
762732
762733
762734
762735
762736
762737
762738
762739
762740
762741
762742
762743
762744
762745
762746
762747
762748
762749
762750
762751
762752
762753
762754
762755
762756
762757
762758
762759
762760
762761
762762
762763
762764
762765
762766
762767
762768
762769
762770
762771
762772
762773
762774
762775
762776
762777
762778
762779
762780
762781
762782
762783
762784
762785
762786
762787
762788
762789
762790
762791
762792
762793
762794
762795
762796
762797
762798
762799
762800
762801
762802
762803
762804
762805
762806
762807
762808
762809
762810
762811
762812
762813
762814
762815
762816
762817
762818
762819
762820
762821
762822
762823
762824
762825
762826
762827
762828
762829
762830
762831
762832
762833
762834
762835
762836
762837
762838
762839
762840
762841
762842
762843
762844
762845
762846
762847
762848
762849
762850
762851
762852
762853
762854
762855
762856
762857
762858
762859
762860
762861
762862
762863
762864
762865
762866
762867
762868
762869
762870
762871
762872
762873
762874
762875
762876
762877
762878
762879
762880
762881
762882
762883
762884
762885
762886
762887
762888
762889
762890
762891
762892
762893
762894
762895
762896
762897
762898
762899
762900
762901
762902
762903
762904
762905
762906
762907
762908
762909
762910
762911
762912
762913
762914
762915
762916
762917
762918
762919
762920
762921
762922
762923
762924
762925
762926
762927
762928
762929
762930
762931
762932
762933
762934
762935
762936
762937
762938
762939
762940
762941
762942
762943
762944
762945
762946
762947
762948
762949
762950
762951
762952
762953
762954
762955
762956
762957
762958
762959
762960
762961
762962
762963
762964
762965
762966
762967
762968
762969
762970
762971
762972
762973
762974
762975
762976
762977
762978
762979
762980
762981
762982
762983
762984
762985
762986
762987
762988
762989
762990
762991
762992
762993
762994
762995
762996
762997
762998
762999
763000
763001
763002
763003
763004
763005
763006
763007
763008
763009
763010
763011
763012
763013
763014
763015
763016
763017
763018
763019
763020
763021
763022
763023
763024
763025
763026
763027
763028
763029
763030
763031
763032
763033
763034
763035
763036
763037
763038
763039
763040
763041
763042
763043
763044
763045
763046
763047
763048
763049
763050
763051
763052
763053
763054
763055
763056
763057
763058
763059
763060
763061
763062
763063
763064
763065
763066
763067
763068
763069
763070
763071
763072
763073
763074
763075
763076
763077
763078
763079
763080
763081
763082
763083
763084
763085
763086
763087
763088
763089
763090
763091
763092
763093
763094
763095
763096
763097
763098
763099
763100
763101
763102
763103
763104
763105
763106
763107
763108
763109
763110
763111
763112
763113
763114
763115
763116
763117
763118
763119
763120
763121
763122
763123
763124
763125
763126
763127
763128
763129
763130
763131
763132
763133
763134
763135
763136
763137
763138
763139
763140
763141
763142
763143
763144
763145
763146
763147
763148
763149
763150
763151
763152
763153
763154
763155
763156
763157
763158
763159
763160
763161
763162
763163
763164
763165
763166
763167
763168
763169
763170
763171
763172
763173
763174
763175
763176
763177
763178
763179
763180
763181
763182
763183
763184
763185
763186
763187
763188
763189
763190
763191
763192
763193
763194
763195
763196
763197
763198
763199
763200
763201
763202
763203
763204
763205
763206
763207
763208
763209
763210
763211
763212
763213
763214
763215
763216
763217
763218
763219
763220
763221
763222
763223
763224
763225
763226
763227
763228
763229
763230
763231
763232
763233
763234
763235
763236
763237
763238
763239
763240
763241
763242
763243
763244
763245
763246
763247
763248
763249
763250
763251
763252
763253
763254
763255
763256
763257
763258
763259
763260
763261
763262
763263
763264
763265
763266
763267
763268
763269
763270
763271
763272
763273
763274
763275
763276
763277
763278
763279
763280
763281
763282
763283
763284
763285
763286
763287
763288
763289
763290
763291
763292
763293
763294
763295
763296
763297
763298
763299
763300
763301
763302
763303
763304
763305
763306
763307
763308
763309
763310
763311
763312
763313
763314
763315
763316
763317
763318
763319
763320
763321
763322
763323
763324
763325
1471846
1471847
1471848
1471849
1471850
1471851
1471852
1471853
1471854
1471855
1471856
1471857
1471858
1471859
1471860
1471861
1471862
1471863
1471864
1471865
1471866
1471867
1471868
1471869
1471870
1471871
1471872
1471873
1471874
1471875
1471876
1471877
1471878
1471879
1471880
1471881
1471882
1471883
1471884
1471885
1471886
1471887
1471888
1471889
1471890
1471891
1471892
1471893
1471894
1471895
1471896
1471897
1471898
1471899
1471900
1471901
1471902
1471903
1471904
1471905
1471906
1471907
1471908
1471909
1471910
1471911
1471912
1471913
1471914
1471915
1471916
1471917
1471918
1471919
1471920
1471921
1471922
1471923
1471924
1471925
1471926
1471927
1471928
1471929
1471930
1471931
1471932
1471933
1471934
1471935
1471936
1471937
1471938
1471939
1471940
1471941
1471942
1471943
1471944
1471945
1471946
1471947
1471948
1471949
1471950
1471951
1471952
1471953
1471954
1471955
1471956
1471957
1471958
1471959
1471960
1471961
1471962
1471963
1471964
1471965
1471966
1471967
1471968
1471969
1471970
1471971
1471972
1471973
1471974
1471975
1471976
1471977
1471978
1471979
1471980
1471981
1471982
1471983
1471984
1471985
1471986
1471987
1471988
1471989
1471990
1471991
1471992
1471993
1471994
1471995
1471996
1471997
1471998
1471999
1472000
1472001
1472002
1472003
1472004
1472005
1472006
1472007
1472008
1472009
1472010
1472011
1472012
1472013
1472014
1472015
1472016
1472017
1472018
1472019
1472020
1472021
1472022
1472023
1472024
1472025
1472026
1472027
1472028
1472029
1472030
1472031
1472032
1472033
1472034
1472035
1472036
1472037
1472038
1472039
1472040
1472041
1472042
1472043
1472044
1472045
1472046
1472047
1472048
1472049
1472050
1472051
1472052
1472053
1472054
1472055
1472056
1472057
1472058
1472059
1472060
1472061
1472062
1472063
1472064
1472065
1472066
1472067
1472068
1472069
1472070
1472071
1472072
1472073
1472074
1472075
1472076
1472077
1472078
1472079
1472080
1472081
1472082
1472083
1472084
1472085
1472086
1472087
1472088
1472089
1472090
1472091
1472092
1472093
1472094
1472095
1472096
1472097
1472098
1472099
1472100
1472101
1472102
1472103
1472104
1472105
1472106
1472107
1472108
1472109
1472110
1472111
1472112
1472113
1472114
1472115
1472116
1472117
1472118
1472119
1472120
1472121
1472122
1472123
1472124
1472125
1472126
1472127
1472128
1472129
1472130
1472131
1472132
1472133
1472134
1472135
1472136
1472137
1472138
1472139
1472140
1472141
1472142
1472143
1472144
1472145
1472146
1472147
1472148
1472149
1472150
1472151
1472152
1472153
1472154
1472155
1472156
1472157
1472158
1472159
1472160
1472161
1472162
1472163
1472164
1472165
1472166
1472167
1472168
1472169
1472170
1472171
1472172
1472173
1472174
1472175
1472176
1472177
1472178
1472179
1472180
1472181
1472182
1472183
1472184
1472185
1472186
1472187
1472188
1472189
1472190
1472191
1472192
1472193
1472194
1472195
1472196
1472197
1472198
1472199
1472200
1472201
1472202
1472203
1472204
1472205
1472206
1472207
1472208
1472209
1472210
1472211
1472212
1472213
1472214
1472215
1472216
1472217
1472218
1472219
1472220
1472221
1472222
1472223
1472224
1472225
1472226
1472227
1472228
1472229
1472230
1472231
1472232
1472233
1472234
1472235
1472236
1472237
1472238
1472239
1472240
1472241
1472242
1472243
1472244
1472245
1472246
1472247
1472248
1472249
1472250
1472251
1472252
1472253
1472254
1472255
1472256
1472257
1472258
1472259
1472260
1472261
1472262
1472263
1472264
1472265
1472266
1472267
1472268
1472269
1472270
1472271
1472272
1472273
1472274
1472275
1472276
1472277
1472278
1472279
1472280
1472281
1472282
1472283
1472284
1472285
1472286
1472287
1472288
1472289
1472290
1472291
1472292
1472293
1472294
1472295
1472296
1472297
1472298
1472299
1472300
1472301
1472302
1472303
1472304
1472305
1472306
1472307
1472308
1472309
1472310
1472311
1472312
1472313
1472314
1472315
1472316
1472317
1472318
1472319
1472320
1472321
1472322
1472323
1472324
1472325
1472326
1472327
1472328
1472329
1472330
1472331
1472332
1472333
1472334
1472335
1472336
1472337
1472338
1472339
1472340
1472341
1472342
1472343
1472344
1472345
1472346
1472347
1472348
1472349
1472350
1472351
1472352
1472353
1472354
1472355
1472356
1472357
1472358
1472359
1472360
1472361
1472362
1472363
1472364
1472365
1472366
1472367
1472368
1472369
1472370
1472371
1472372
1472373
1472374
1472375
1472376
1472377
1472378
1472379
1472380
1472381
1472382
1472383
1472384
1472385
1472386
1472387
1472388
1472389
1472390
1472391
1472392
1472393
1472394
1472395
1472396
1472397
1472398
1472399
1472400
1472401
1472402
1472403
1472404
1472405
1472406
1472407
1472408
1472409
1472410
1472411
1472412
1472413
1472414
1472415
1472416
1472417
1472418
1472419
1472420
1472421
1472422
1472423
1472424
1472425
1472426
1472427
1472428
1472429
1472430
1472431
1472432
1472433
1472434
1472435
1472436
1472437
1472438
1472439
1472440
1472441
1472442
1472443
1472444
1472445
1472446
1472447
1472448
1472449
1472450
1472451
1472452
1472453
1472454
1472455
1472456
1472457
1472458
1472459
1472460
1472461
1472462
1472463
1472464
1472465
1472466
1472467
1472468
1472469
1472470
1472471
1472472
1472473
1472474
1472475
1472476
1472477
1472478
1472479
1472480
1472481
1472482
1472483
1472484
1472485
1472486
1472487
1472488
1472489
1472490
1472491
1472492
1472493
1472494
1472495
1472496
1472497
1472498
1472499
1472500
1472501
1472502
1472503
1472504
1472505
1472506
1472507
1472508
1472509
1472510
1472511
1472512
1472513
1472514
1472515
1472516
1472517
1472518
1472519
1472520
1472521
1472522
1472523
1472524
1472525
1472526
1472527
1472528
1472529
1472530
1472531
1472532
1472533
1472534
1472535
1472536
1472537
1472538
1472539
1472540
1472541
1472542
1472543
1472544
1472545
1472546
1472547
1472548
1472549
1472550
1472551
1472552
1472553
1472554
1472555
1472556
1472557
1472558
1472559
1472560
1472561
1472562
1472563
1472564
1472565
1472566
1472567
1472568
1472569
1472570
1472571
1472572
1472573
1472574
1472575
1472576
1472577
1472578
1472579
1472580
1472581
1472582
1472583
1472584
1472585
1472586
1472587
1472588
1472589
1472590
1472591
1472592
1472593
1472594
1472595
1472596
1472597
1472598
1472599
1472600
1472601
1472602
1472603
1472604
1472605
1472606
1472607
1472608
1472609
1472610
1472611
1472612
1472613
1472614
1472615
1472616
1472617
1472618
1472619
1472620
1472621
1472622
1472623
1472624
1472625
1472626
1472627
1472628
1472629
1472630
1472631
1472632
1472633
1472634
1472635
1472636
1472637
1472638
1472639
1472640
1472641
1472642
1472643
1472644
1472645
1472646
1472647
1472648
1472649
1472650
1472651
1472652
1472653
1472654
1472655
1472656
1472657
1472658
1472659
1472660
1472661
1472662
1472663
1472664
1472665
1472666
1472667
1472668
1472669
1472670
1472671
1472672
1472673
1472674
1472675
1472676
1472677
1472678
1472679
1472680
1472681
1472682
1472683
1472684
1472685
1472686
1472687
1472688
1472689
1472690
1472691
1472692
1472693
1472694
1472695
1472696
1472697
1472698
1472699
1472700
1472701
1472702
1472703
1472704
1472705
1472706
1472707
1472708
1472709
1472710
1472711
1472712
1472713
1472714
1472715
1472716
1472717
1472718
1472719
1472720
1472721
1472722
1472723
1472724
1472725
1472726
1472727
1472728
1472729
1472730
1472731
1472732
1472733
1472734
1472735
1472736
1472737
1472738
1472739
1472740
1472741
1472742
1472743
1472744
1472745
1472746
1472747
1472748
1472749
1472750
1472751
1472752
1472753
1472754
1472755
1472756
1472757
1472758
1472759
1472760
1472761
1472762
1472763
1472764
1472765
1472766
1472767
1472768
1472769
1472770
1472771
1472772
1472773
1472774
1472775
1472776
1472777
1472778
1472779
1472780
1472781
1472782
1472783
1472784
1472785
1472786
1472787
1472788
1472789
1472790
1472791
1472792
1472793
1472794
1472795
1472796
1472797
1472798
1472799
1472800
1472801
1472802
1472803
1472804
1472805
1472806
1472807
1472808
1472809
1472810
1472811
1472812
1472813
1472814
1472815
1472816
1472817
1472818
1472819
1472820
1472821
1472822
1472823
1472824
1472825
1472826
1472827
1472828
1472829
1472830
1472831
1472832
1472833
1472834
1472835
1472836
1472837
1472838
1472839
1472840
1472841
1472842
1472843
1472844
1472845
1472846
1472847
1472848
1472849
1472850
1472851
1472852
1472853
1472854
1472855
1472856
1472857
1472858
1472859
1472860
1472861
1472862
1472863
1472864
1472865
1472866
1472867
1472868
1472869
1472870
1472871
1472872
1472873
1472874
1472875
1472876
1472877
1472878
1472879
1472880
1472881
1472882
1472883
1472884
1472885
1472886
1472887
1472888
1472889
1472890
1472891
1472892
1472893
1472894
1472895
1472896
1472897
1472898
1472899
1472900
1472901
1472902
1472903
1472904
1472905
1472906
1472907
1472908
1472909
1472910
1472911
1472912
1472913
1472914
1472915
1472916
1472917
1472918
1472919
1472920
1472921
1472922
1472923
1472924
1472925
1472926
1472927
1472928
1472929
1472930
1472931
1472932
1472933
1472934
1472935
1472936
1472937
1472938
1472939
1472940
1472941
1472942
1472943
1472944
1472945
1472946
1472947
1472948
1472949
1472950
1472951
1472952
1472953
1472954
1472955
1472956
1472957
1472958
1472959
1472960
1472961
1472962
1472963
1472964
1472965
1472966
1472967
1472968
1472969
1472970
1472971
1472972
1472973
1472974
1472975
1472976
1472977
1472978
1472979
1472980
1472981
1472982
1472983
1472984
1472985
1472986
1472987
1472988
1472989
1472990
1472991
1472992
1472993
1472994
1472995
1472996
1472997
1472998
1472999
1473000
1473001
1473002
1473003
1473004
1473005
1473006
1473007
1473008
1473009
1473010
1473011
1473012
1473013
1473014
1473015
1473016
1473017
1473018
1473019
1473020
1473021
1473022
1473023
1473024
1473025
1473026
1473027
1473028
1473029
1473030
1473031
1473032
1473033
1473034
1473035
1473036
1473037
1473038
1473039
1473040
1473041
1473042
1473043
1473044
1473045
1473046
1473047
1473048
1473049
1473050
1473051
1473052
1473053
1473054
1473055
1473056
1473057
1473058
1473059
1473060
1473061
1473062
1473063
1473064
1473065
1473066
1473067
1473068
1473069
1473070
1473071
1473072
1473073
1473074
1473075
1473076
1473077
1473078
1473079
1473080
1473081
1473082
1473083
1473084
1473085
1473086
1473087
1473088
1473089
1473090
1473091
1473092
1473093
1473094
1473095
1473096
1473097
1473098
1473099
1473100
1473101
1473102
1473103
1473104
1473105
1473106
1473107
1473108
1473109
1473110
1473111
1473112
1473113
1473114
1473115
1473116
1473117
1473118
1473119
1473120
1473121
1473122
1473123
1473124
1473125
1473126
1473127
1473128
1473129
1473130
1473131
1473132
1473133
1473134
1473135
1473136
1473137
1473138
1473139
1473140
1473141
1473142
1473143
1473144
1473145
1473146
1473147
1473148
1473149
1473150
1473151
1473152
1473153
1473154
1473155
1473156
1473157
1473158
1473159
1473160
1473161
1473162
1473163
1473164
1473165
1473166
1473167
1473168
1473169
1473170
1473171
1473172
1473173
1473174
1473175
1473176
1473177
1473178
1473179
1473180
1473181
1473182
1473183
1473184
1473185
1473186
1473187
1473188
1473189
1473190
1473191
1473192
1473193
1473194
1473195
1473196
1473197
1473198
1473199
1473200
1473201
1473202
1473203
1473204
1473205
1473206
1473207
1473208
1473209
1473210
1473211
1473212
1473213
1473214
1473215
1473216
1473217
1473218
1473219
1473220
1473221
1473222
1473223
1473224
1473225
1473226
1473227
1473228
1473229
1473230
1473231
1473232
1473233
1473234
1473235
1473236
1473237
1473238
1473239
1473240
1473241
1473242
1473243
1473244
1473245
1473246
1473247
1473248
1473249
1473250
1473251
1473252
1473253
1473254
1473255
1473256
1473257
1473258
1473259
1473260
1473261
1473262
1473263
1473264
1473265
1473266
1473267
1473268
1473269
1473270
1473271
1473272
1473273
1473274
1473275
1473276
1473277
1473278
1473279
1473280
1473281
1473282
1473283
1473284
1473285
1473286
1473287
1473288
1473289
1473290
1473291
1473292
1473293
1473294
1473295
1473296
1473297
1473298
1473299
1473300
1473301
1473302
1473303
1473304
1473305
1473306
1473307
1473308
1473309
1473310
1473311
1473312
1473313
1473314
1473315
1473316
1473317
1473318
1473319
1473320
1473321
1473322
1473323
1473324
1473325
1473326
1473327
1473328
1473329
1473330
1473331
1473332
1473333
1473334
1473335
1473336
1473337
1473338
1473339
1473340
1473341
1473342
1473343
1473344
1473345
1473346
1473347
1473348
1473349
1473350
1473351
1473352
1473353
1473354
1473355
1473356
1473357
1473358
1473359
1473360
1473361
1473362
1473363
1473364
1473365
1473366
1473367
1473368
1473369
1473370
1473371
1473372
1473373
1473374
1473375
1473376
1473377
1473378
1473379
1473380
1473381
1473382
1473658
1473659
1473660
1473661
1473662
1473663
1473664
1473665
1473666
1473667
1473668
1473669
1473670
1473671
1473672
1473673
1473674
1473675
1473676
1473677
1473678
1473679
1473680
1473681
1473682
1473683
1473684
1473685
1473686
1473687
1473688
1473689
1473690
1473691
1473692
1473693
1473694
1473695
1473696
1473697
1473698
1473699
1473700
1473701
1473702
1473703
1473704
1473705
1473706
1473707
1473708
1473709
1473710
1473711
1473712
1473713
1473714
1473715
1473716
1473717
1473718
1473719
1473720
1473721
1473722
1473723
1473724
1473725
1473726
1473727
1473728
1473729
1473730
1473731
1473732
1473733
1473734
1473735
1473736
1473737
1473738
1473739
1473740
1473741
1473742
1473743
1473744
1473745
1473746
1473747
1473748
1473749
1473750
1473751
1473752
1473753
1473754
1473755
1473756
1473757
1473758
1473759
1473760
1473761
1473762
1473763
1473764
1473765
1473766
1473767
1473768
1473769
1473770
1473771
1473772
1473773
1473774
1473775
1473776
1473777
1473778
1473779
1473780
1473781
1473782
1473783
1473784
1473785
1473786
1473787
1473788
1473789
1473790
1473791
1473792
1473793
1473794
1473795
1473796
1473797
1473798
1473799
1473800
1473801
1473802
1473803
1473804
1473805
1473806
1473807
1473808
1473809
1473810
1473811
1473812
1473813
1473814
1473815
1473816
1473817
1473818
1473819
1473820
1473821
1473822
1473823
1473824
1473825
1473826
1473827
1473828
1473829
1473830
1473831
1473832
1473833
1473834
1473835
1473836
1473837
1473838
1473839
1473840
1473841
1473842
1473843
1473844
1473845
1473846
1473847
1473848
1473849
1473850
1473851
1473852
1473853
1473854
1473855
1473856
1473857
1473858
1473859
1473860
1473861
1473862
1473863
1473864
1473865
1473866
1473867
1473868
1473869
1473870
1473871
1473872
1473873
1473874
1473875
1473876
1473877
1473878
1473879
1473880
1473881
1473882
1473883
1473884
1473885
1473886
1473887
1473888
1473889
1473890
1473891
1473892
1473893
1473894
1473895
1473896
1473897
1473898
1473899
1473900
1473901
1473902
1473903
1473904
1473905
1473906
1473907
1473908
1473909
1473910
1473911
1473912
1473913
1473914
1473915
1473916
1473917
1473918
1473919
1473920
1473921
1473922
1473923
1473924
1473925
1473926
1473927
1473928
1473929
1473930
1473931
1473932
1473933
1473934
1473935
1473936
1473937
1473938
1473939
1473940
1473941
1473942
1473943
1473944
1473945
1473946
1473947
1473948
1473949
1473950
1473951
1473952
1473953
1473954
1473955
1473956
1473957
1473958
1473959
1473960
1473961
1473962
1473963
1473964
1473965
1473966
1473967
1473968
1473969
1473970
1473971
1473972
1473973
1473974
1473975
1473976
1473977
1473978
1473979
1473980
1473981
1473982
1473983
1473984
1473985
1473986
1473987
1473988
1473989
1473990
1473991
1473992
1473993
1473994
1473995
1473996
1473997
1473998
1473999
1474000
1474001
1474002
1474003
1474004
1474005
1474006
1474007
1474008
1474009
1474010
1474011
1474012
1474013
1474014
1474015
1474016
1474017
1474018
1474019
1474020
1474021
1474022
1474023
1474024
1474025
1474026
1474027
1474028
1474029
1474030
1474031
1474032
1474033
1474034
1474035
1474036
1474037
1474038
1474039
1474040
1474041
1474042
1474043
1474044
1474045
1474046
1474047
1474048
1474049
1474050
1474051
1474052
1474053
1474054
1474055
1474056
1474057
1474058
1474059
1474060
1474061
1474062
1474063
1474064
1474065
1474066
1474067
1474068
1474069
1474070
1474071
1474072
1474073
1474074
1474075
1474076
1474077
1474078
1474079
1474080
1474081
1474082
1474083
1474084
1474085
1474086
1474087
1474088
1474089
1474090
1474091
1474092
1474093
1474094
1474095
1474096
1474097
1474098
1474099
1474100
1474101
1474102
1474103
1474104
1474105
1474106
1474107
1474108
1474109
1474110
1474111
1474112
1474113
1474114
1474115
1474116
1474117
1474118
1474119
1474120
1474121
1474122
1474123
1474124
1474125
1474126
1474127
1474128
1474129
1474130
1474131
1474132
1474133
1474134
1474135
1474136
1474137
1474138
1474139
1474140
1474141
1474142
1474143
1474144
1474145
1474146
1474147
1474148
1474149
1474150
1474151
1474152
1474153
1474154
1474155
1474156
1474157
1474158
1474159
1474160
1474161
1474162
1474163
1474164
1474165
1474166
1474167
1474168
1474169
1474170
1474171
1474172
1474173
1474174
1474175
1474176
1474177
1474178
1474179
1474180
1474181
1474182
1474183
1474184
1474185
1474186
1474187
1474188
1474189
1474190
1474191
1474192
1474193
1474194
1474195
1474196
1474197
1474198
1474199
1474200
1474201
1474202
1474203
1474204
1474205
1474206
1474207
1474208
1474209
1474210
1474211
1474212
1474213
1474214
1474215
1474216
1474217
1474218
1474219
1474220
1474221
1474222
1474223
1474224
1474225
1474226
1474227
1474228
1474229
1474230
1474231
1474232
1474233
1474234
1474235
1474236
1474237
1474238
1474239
1474240
1474241
1474242
1474243
1474244
1474245
1474246
1474247
1474248
1474249
1474250
1474251
1474252
1474253
1474254
1474255
1474256
1474257
1474258
1474259
1474260
1474261
1474262
1474263
1474264
1474265
1474266
1474267
1474268
1474269
1474270
1474271
1474272
1474273
1474274
1474275
1474276
1474277
1474278
1474279
1474280
1474281
1474282
1474283
1474284
1474285
1474286
1474287
1474288
1474289
1474290
1474291
1474292
1474293
1474294
1474295
1474296
1474297
1474298
1474299
1474300
1474301
1474302
1474303
1474304
1474305
1474306
1474307
1474308
1474309
1474310
1474311
1474312
1474313
1474314
1474315
1474316
1474317
1474318
1474319
1474320
1474321
1474322
1474323
1474324
1474325
1474326
1474327
1474328
1474329
1474330
1474331
1474332
1474333
1474334
1474335
1474336
1474337
1474338
1474339
1474340
1474341
1474342
1474343
1474344
1474345
1474346
1474347
1474348
1474349
1474350
1474351
1474352
1474353
1474354
1474355
1474356
1474357
1474358
1474359
1474360
1474361
1474362
1474363
1474364
1474365
1474366
1474367
1474368
1474369
1474370
1474371
1474372
1474373
1474374
1474375
1474376
1474377
1474378
1474379
1474380
1474381
1474382
1474383
1474384
1474385
1474386
1474387
1474388
1474389
1474390
1474391
1474392
1474393
1474394
1474395
1474396
1474397
1474398
1474399
1474400
1474401
1474402
1474403
1474404
1474405
1474406
1474407
1474408
1474409
1474410
1474411
1474412
1474413
1474414
1474415
1474416
1474417
1474418
1474419
1474420
1474421
1474422
1474423
1474424
1474425
1474426
1474427
1474428
1474429
1474430
1474431
1474432
1474433
1474434
1474435
1474436
1474437
1474438
1474439
1474440
1474441
1474442
1474443
1474444
1474445
1474446
1474447
1474448
1474449
1474450
1474451
1474452
1474453
1474454
1474455
1474456
1474457
1474458
1474459
1474460
1474461
1474462
1474463
1474464
1474465
1474466
1474467
1474468
1474469
1474470
1474471
1474472
1474473
1474474
1474475
1474476
1474477
1474478
1474479
1474480
1474481
1474482
1474483
1474484
1474485
1474486
1474487
1474488
1474489
1474490
1474491
1474492
1474493
1474494
1474495
1474496
1474497
1474498
1474499
1474500
1474501
1474502
1474503
1474504
1474505
1474506
1474507
1474508
1474509
1474510
1474511
1474512
1474513
1474514
1474515
1474516
1474517
1474518
1474519
1474520
1474521
1474522
1474523
1474524
1474525
1474526
1474527
1474528
1474529
1474530
1474531
1474532
1474533
1474534
1474535
1474536
1474537
1474538
1474539
1474540
1474541
1474542
1474543
1474544
1474545
1474546
1474547
1474548
1474549
1474550
1474551
1474552
1474553
1474554
1474555
1474556
1474557
1474558
1474559
1474560
1474561
1474562
1474563
1474564
1474565
1474566
1474567
1474568
1474569
1474570
1474571
1474572
1474573
1474574
1474575
1474576
1474577
1474578
1474579
1474580
1474581
1474582
1474583
1474584
1474585
1474586
1474587
1474588
1474589
1474590
1474591
1474592
1474593
1474594
1474595
1474596
1474597
1474598
1474599
1474600
1474601
1474602
1474603
1474604
1474605
1474606
1474607
1474608
1474609
1474610
1474611
1474612
1474613
1474614
1474615
1474616
1474617
1474618
1474619
1474620
1474621
1474622
1474623
1474624
1474625
1474626
1474627
1474628
1474629
1474630
1474631
1474632
1474633
1474634
1474635
1474636
1474637
1474638
1474639
1474640
1474641
1474642
1474643
1474644
1474645
1474646
1474647
1474648
1474649
1474650
1474651
1474652
1474653
1474654
1474655
1474656
1474657
1474658
1474659
1474660
1474661
1474662
1474663
1474664
1474665
1474666
1474667
1474668
1474669
1474670
1474671
1474672
1474673
1474674
1474675
1474676
1474677
1474678
1474679
1474680
1474681
1474682
1474683
1474684
1474685
1474686
1474687
1474688
1474689
1474690
1474691
1474692
1474693
1474694
1474695
1474696
1474697
1474698
1474699
1474700
1474701
1474702
1474703
1474704
1474705
1474706
1474707
1474708
1474709
1474710
1474711
1474712
1474713
1474714
1474715
1474716
1474717
1474718
1474719
1474720
1474721
1474722
1474723
1474724
1474725
1474726
1474727
1474728
1474729
1474730
1474731
1474732
1474733
1474734
1474735
1474736
1474737
1474738
1474739
1474740
1474741
1474742
1474743
1474744
1474745
1474746
1474747
1474748
1474749
1474750
1474751
1474752
1474753
1474754
1474755
1474756
1474757
1474758
1474759
1474760
1474761
1474762
1474763
1474764
1474765
1474766
1474767
1474768
1474769
1474770
1474771
1474772
1474773
1474774
1474775
1474776
1474777
1474778
1474779
1474780
1474781
1474782
1474783
1474784
1474785
1474786
1474787
1474788
1474789
1474790
1474791
1474792
1474793
1474794
1474795
1474796
1474797
1474798
1474799
1474800
1474801
1474802
1474803
1474804
1474805
1474806
1474807
1474808
1474809
1474810
1474811
1474812
1474813
1474814
1474815
1474816
1474817
1474818
1474819
1474820
1474821
1474822
1474823
1474824
1474825
1474826
1474827
1474828
1474829
1474830
1474831
1474832
1474833
1474834
1474835
1474836
1474837
1474838
1474839
1474840
1474841
1474842
1474843
1474844
1474845
1474846
1474847
1474848
1474849
1474850
1474851
1474852
1474853
1474854
1474855
1474856
1474857
1474858
1474859
1474860
1474861
1474862
1474863
1474864
1474865
1474866
1474867
1474868
1474869
1474870
1474871
1474872
1474873
1474874
1474875
1474876
1474877
1474878
1474879
1474880
1474881
1474882
1474883
1474884
1474885
1474886
1474887
1474888
1474889
1474890
1474891
1474892
1474893
1474894
1474895
1474896
1474897
1474898
1474899
1474900
1474901
1474902
1474903
1474904
1474905
1474906
1474907
1474908
1474909
1474910
1474911
1474912
1474913
1474914
1474915
1474916
1474917
1474918
1474919
1474920
1474921
1474922
1474923
1474924
1474925
1474926
1474927
1474928
1474929
1474930
1474931
1474932
1474933
1474934
1474935
1474936
1474937
1474938
1474939
1474940
1474941
1474942
1474943
1474944
1474945
1474946
1474947
1474948
1474949
1474950
1474951
1474952
1474953
1474954
1474955
1474956
1474957
1474958
1474959
1474960
1474961
1474962
1474963
1474964
1474965
1474966
1474967
1474968
1474969
1474970
1474971
1474972
1474973
1474974
1474975
1474976
1474977
1474978
1474979
1474980
1474981
1474982
1474983
1474984
1474985
1474986
1474987
1474988
1474989
1474990
1474991
1474992
1474993
1474994
1474995
1474996
1474997
1474998
1474999
1475000
1475001
1475002
1475003
1475004
1475005
1475006
1475007
1475008
1475009
1475010
1475011
1475012
1475013
1475014
1475015
1475016
1475017
1475018
1475019
1475020
1475021
1475022
1475023
1475024
1475025
1475026
1475027
1475028
1475029
1475030
1475031
1475032
1475033
1475034
1475035
1475036
1475037
1475038
1475039
1475040
1475041
1475042
1475043
1475044
1475045
1475046
1475047
1475048
1475049
1475050
1475051
1475052
1475053
1475054
1475055
1475056
1475057
1475058
1475059
1475060
1475061
1475062
1475063
1475064
1475065
1475066
1475067
1475068
1475069
1475070
1475071
1475072
1475073
1475074
1475075
1475076
1475077
1475078
1475079
1475080
1475081
1475082
1475083
1475084
1475085
1475086
1475087
1475088
1475089
1475090
1475091
1475092
1475093
1475094
1475095
1475096
1475097
1475098
1475099
1475100
1475101
1475102
1475103
1475104
1475105
1475106
1475107
1475108
1475109
1475110
1475111
1475112
1475113
1475114
1475115
1475116
1475117
1475118
1475119
1475120
1475121
1475122
1475123
1475124
1475125
1475126
1475127
1475128
1475129
1475130
1475131
1475132
1475133
1475134
1475135
1475136
1475137
1475138
1475139
1475140
1475141
1475142
1475143
1475144
1475145
1475146
1475147
1475148
1475149
1475150
1475151
1475152
1475153
1475154
1475155
1475156
1475157
1475158
1475159
1475160
1475161
1475162
1475163
1475164
1475165
1475166
1475167
1475168
1475169
1475170
1475171
1475172
1475173
1475174
1475175
1475176
1475177
1475178
1475179
1475180
1475181
1475182
1475183
1475184
1475185
1475186
1475187
1475188
1475189
1475190
1475191
1475192
1475193
1475194
1475195
1475196
1475197
1475198
1475199
1475200
1475201
1475202
1475203
1475204
1475205
1475206
1475207
1475208
1475209
1475210
1475211
1475212
1475213
1475214
1475215
1475216
1475217
1475218
1475219
1475220
1475221
1475222
1475223
1475224
1475225
1475226
1475227
1475228
1475229
1475230
1475231
1475232
1475233
1475234
1475235
1475236
1475237
1475238
1475239
1475240
1475241
1475242
1475243
1475244
1475245
1475246
1475247
1475248
1475249
1475250
1475251
1475252
1475253
1475254
1475255
1475256
1475257
1475258
1475259
1475260
1475261
1475262
1475263
1475264
1475265
1475266
1475267
1475268
1475269
1475270
1475271
1475272
1475273
1475274
1475275
1475276
1475277
1475278
1475279
1475280
1475281
1475282
1475283
1475284
1475285
1475286
1475287
1475288
1475289
1475290
1475291
1475292
1475293
1475294
1475295
1475296
1475297
1475298
1475299
1475300
1475301
1475302
1475303
1475304
1475305
1475306
1475307
1475308
1475309
1475310
1475311
1475312
1475313
1475314
1475315
1475316
1475317
1475318
1475319
1475320
1475321
1475322
1475323
1475324
1475325
1475326
1475327
1475328
1475329
1475330
1475331
1475332
1475333
1475334
1475335
1475336
1475337
1475338
1475339
1475340
1475341
1475342
1475343
1475344
1475345
1475346
1475347
1475348
1475349
1475350
1475351
1475352
1475353
1475354
1475355
1475356
1475357
1475358
1475359
1475360
1475361
1475362
1475363
1475364
1475365
1475366
1475367
1475368
1475369
1475370
1475371
1475372
1475373
1475374
1475375
1475376
1475377
1475378
1475379
1475380
1475381
1475382
1475383
1475384
1475385
1475386
1475387
1475388
1475389
1475390
1475391
1475392
1475393
1475394
1475395
1475396
1475397
1475398
1475399
1475400
1475401
1475402
1475403
1475404
1475405
1475406
1475407
1475408
1475409
1475410
1475411
1475412
1475413
1475414
1475415
1475416
1475417
1475418
1475419
1475420
1475421
1475422
1475423
1475424
1475425
1475426
1475427
1475428
1475429
1475430
1475431
1475432
1475433
1475434
1475435
1475436
1475437
1475438
1475439
1475440
1475441
1475442
1475443
1475444
1475445
1475446
1475447
1475448
1475449
1475450
1475451
1475452
1475453
1475454
1475455
1475456
1475457
1475458
1475459
1475460
1475461
1475462
1475463
1475464
1475465
1475466
1475467
1475468
1475469
1475470
1475471
1475472
1475473
1475474
1475475
1475476
1475477
1475478
1475479
1475480
1475481
1475482
1475483
1475484
1475485
1475486
1475487
1475488
1475489
1475490
1475491
1475492
1475493
1475494
1475495
1475496
1475497
1475498
1475499
1475500
1475501
1475502
1475503
1475504
1475505
1475506
1475507
1475508
1475509
1475510
1475511
1475512
1475513
1475514
1475515
1475516
1475517
1475518
1475519
1475520
1475521
1475522
1475523
1475524
1475525
1475526
1475527
1475528
1475529
1475530
1475531
1475532
1475533
1475534
1475535
1475536
1475537
1475538
1475539
1475540
1475541
1475542
1475543
1475544
1475545
1475546
1475547
1475548
1475549
1475550
1475551
1475552
1475553
1475554
1475555
1475556
1475557
1475558
1475559
1475560
1475561
1475562
1475563
1475564
1475565
1475566
1475567
1475568
1475569
1475570
1475571
1475572
1475573
1475574
1475575
1475576
1475577
1475578
1475579
1475580
1475581
1475582
1475583
1475584
1475585
1475586
1475587
1475588
1475589
1475590
1475591
1475592
1475593
1475594
1475595
1475596
1475597
1475598
1475599
1475600
1475601
1475602
1475603
1475604
1475605
1475606
1475607
1475608
1475609
1475610
1475611
1475612
1475613
1475614
1475615
1475616
1475617
1475618
1475619
1475620
1475621
1475622
1475623
1475624
1475625
1475626
1475627
1475628
1475629
1475630
1475631
1475632
1475633
1475634
1475635
1475636
1475637
1475638
1475639
1475640
1475641
1475642
1475643
1475644
1475645
1475646
1475647
1475648
1475649
1475650
1475651
1475652
1475653
1475654
1475655
1475656
1475657
1475658
1475659
1475660
1475661
1475662
1475663
1475664
1475665
1475666
1475667
1475668
1475669
1475670
1475671
1475672
1475673
1475674
1475675
1475676
1475677
1475678
1475679
1475680
1475681
1475682
1475683
1475684
1475685
1475686
1475687
1475688
1475689
1475690
1475691
1475692
1475693
1475694
1475695
1475696
1475697
1475698
1475699
1475700
1475701
1475702
1475703
1475704
1475705
1475706
1475707
1475708
1475709
1475710
1475711
1475712
1475713
1475714
1475715
1475716
1475717
1475718
1475719
1475720
1475721
1475722
1475723
1475724
1475725
1475726
1475727
1475728
1475729
1475730
1475731
1475732
1475733
1475734
1475735
1475736
1475737
1475738
1475739
1475740
1475741
1475742
1475743
1475744
1475745
1475746
1475747
1475748
1475749
1475750
1475751
1475752
1475753
1475754
1475755
1475756
1475757
1475758
1475759
1475760
1475761
1475762
1475763
1475764
1475765
1475766
1475767
1475768
1475769
1475770
1475771
1475772
1475773
1475774
1475775
1475776
1475777
1475778
1475779
1475780
1475781
1475782
1475783
1475784
1475785
1475786
1475787
1475788
1475789
1475790
1475791
1475792
1475793
1475794
1475795
1475796
1475797
1475798
1475799
1475800
1475801
1475802
1475803
1475804
1475805
1475806
1475807
1475808
1475809
1475810
1475811
1475812
1475813
1475814
1475815
1475816
1475817
1475818
1475819
1475820
1475821
1475822
1475823
1475824
1475825
1475826
1475827
1475828
1475829
1475830
1475831
1475832
1475833
1475834
1475835
1475836
1475837
1475838
1475839
1475840
1475841
1475842
1475843
1475844
1475845
1475846
1475847
1475848
1475849
1475850
1475851
1475852
1475853
1475854
1475855
1475856
1475857
1475858
1475859
1475860
1475861
1475862
1475863
1475864
1475865
1475866
1475867
1475868
1475869
1475870
1475871
1475872
1475873
1475874
1475875
1475876
1475877
1475878
1475879
1475880
1475881
1475882
1475883
1475884
1475885
1475886
1475887
1475888
1475889
1475890
1475891
1475892
1475893
1475894
1475895
1475896
1475897
1475898
1475899
1475900
1475901
1475902
1475903
1475904
1475905
1475906
1475907
1475908
1475909
1475910
1475911
1475912
1475913
1475914
1475915
1475916
1475917
1475918
1475919
1475920
1475921
1475922
1475923
1475924
1475925
1475926
1475927
1475928
1475929
1475930
1475931
1475932
1475933
1475934
1475935
1475936
1475937
1475938
1475939
1475940
1475941
1475942
1475943
1475944
1475945
1475946
1475947
1475948
1475949
1475950
1475951
1475952
1475953
1475954
1475955
1475956
1475957
1475958
1475959
1475960
1475961
1475962
1475963
1475964
1475965
1475966
1475967
1475968
1475969
1475970
1475971
1475972
1475973
1475974
1475975
1475976
1475977
1475978
1475979
1475980
1475981
1475982
1475983
1475984
1475985
1475986
1475987
1475988
1475989
1475990
1475991
1475992
1475993
1475994
1475995
1475996
1475997
1475998
1475999
1476000
1476001
1476002
1476003
1476004
1476005
1476006
1476007
1476008
1476009
1476010
1476011
1476012
1476013
1476014
1476015
1476016
1476017
1476018
1476019
1476020
1476021
1476022
1476023
1476024
1476025
1476026
1476027
1476028
1476029
1476030
1476031
1476032
1476033
1476034
1476035
1476036
1476037
1476038
1476039
1476040
1476041
1476042
1476043
1476044
1476045
1476046
1476047
1476048
1476049
1476050
1476051
1476052
1476053
1476054
1476055
1476056
1476057
1476058
1476059
1476060
1476061
1476062
1476063
1476064
1476065
1476066
1476067
1476068
1476069
1476070
1476071
1476072
1476073
1476074
1476075
1476076
1476077
1476078
1476079
1476080
1476081
1476082
1476083
1476084
1476085
1476086
1476087
1476088
1476089
1476090
1476091
1476092
1476093
1476094
1476095
1476096
1476097
1476098
1476099
1476100
1476101
1476102
1476103
1476104
1476105
1476106
1476107
1476108
1476109
1476110
1476111
1476112
1476113
1476114
1476115
1476116
1476117
1476118
1476119
1476120
1476121
1476122
1476123
1476124
1476125
1476126
1476127
1476128
1476129
1476130
1476131
1476132
1476133
1476134
1476135
1476136
1476137
1476138
1476139
1476140
1476141
1476142
1476143
1476144
1476145
1476146
1476147
1476148
1476149
1476150
1476151
1476152
1476153
1476154
1476155
1476156
1476157
1476158
1476159
1476160
1476161
1476162
1476163
1476164
1476165
1476166
1476167
1476168
1476169
1476170
1476171
1476172
1476173
1476174
1476175
1476176
1476177
1476178
1476179
1476180
1476181
1476182
1476183
1476184
1476185
1476186
1476187
1476188
1476189
1476190
1476191
1476192
1476193
1476194
1476195
1476196
1476197
1476198
1476199
1476200
1476201
1476202
1476203
1476204
1476205
1476206
1476207
1476208
1476209
1476210
1476211
1476212
1476213
1476214
1476215
1476216
1476217
1476218
1476219
1476220
1476221
1476222
1476223
1476224
1476225
1476226
1476227
1476228
1476229
1476230
1476231
1476232
1476233
1476234
1476235
1476236
1476237
1476238
1476239
1476240
1476241
1476242
1476243
1476244
1476245
1476246
1476247
1476248
1476249
1476250
1476251
1476252
1476253
1476254
1476255
1476256
1476257
1476258
1476259
1476260
1476261
1476262
1476263
1476264
1476265
1476266
1476267
1476268
1476269
1476270
1476271
1476272
1476273
1476274
1476275
1476276
1476277
1476278
1476279
1476280
1476281
1476282
1476283
1476284
1476285
1476286
1476287
1476288
1476289
1476290
1476291
1476292
1476293
1476294
1476295
1476296
1476297
1476298
1476299
1476300
1476301
1476302
1476303
1476304
1476305
1476306
1476307
1476308
1476309
1476310
1476311
1476312
1476313
1476314
1476315
1476316
1476317
1476318
1476319
1476320
1476321
1476322
1476323
1476324
1476325
1476326
1476327
1476328
1476329
1476330
1476331
1476332
1476333
1476334
1476335
1476336
1476337
1476338
1476339
1476340
1476341
1476342
1476343
1476344
1476345
1476346
1476347
1476348
1476349
1476350
1476351
1476352
1476353
1476354
1476355
1476356
1476357
1476358
1476359
1476360
1476361
1476362
1476363
1476364
1476365
1476366
1476367
1476368
1476369
1476370
1476371
1476372
1476373
1476374
1476375
1476376
1476377
1476378
1476379
1476380
1476381
1476382
1476383
1476384
1476385
1476386
1476387
1476388
1476389
1476390
1476391
1476392
1476393
1476394
1476395
1476396
1476397
1476398
1476399
1476400
1476401
1476402
1476403
1476404
1476405
1476406
1476407
1476408
1476409
1476410
1476411
1476412
1476413
1476414
1476415
1476416
1476417
1476418
1476419
1476420
1476421
1476422
1476423
1476424
1476425
1476426
1476427
1476428
1476429
1476430
1476431
1476432
1476433
1476434
1476435
1476436
1476437
1476438
1476439
1476440
1476441
1476442
1476443
1476444
1476445
1476446
1476447
1476448
1476449
1476450
1476451
1476452
1476453
1476454
1476455
1476456
1476457
1476458
1476459
1476460
1476461
1476462
1476463
1476464
1476465
1476466
1476467
1476468
1476469
1476470
1476471
1476472
1476473
1476474
1476475
1476476
1476477
1476478
1476479
1476480
1476481
1476482
1476483
1476484
1476485
1476486
1476487
1476488
1476489
1476490
1476491
1476492
1476493
1476494
1476495
1476496
1476497
1476498
1476499
1476500
1476501
1476502
1476503
1476504
1476505
1476506
1476507
1476508
1476509
1476510
1476511
1476512
1476513
1476514
1476515
1476516
1476517
1476518
1476519
1476520
1476521
1476522
1476523
1476524
1476525
1476526
1476527
1476528
1476529
1476530
1476531
1476532
1476533
1476534
1476535
1476536
1476537
1476538
1476539
1476540
1476541
1476542
1476543
1476544
1476545
1476546
1476547
1476548
1476549
1476550
1476551
1476552
1476553
1476554
1476555
1476556
1476557
1476558
1476559
1476560
1476561
1476562
1476563
1476564
1476565
1476566
1476567
1476568
1476569
1476570
1476571
1476572
1476573
1476574
1476575
1476576
1476577
1476578
1476579
1476580
1476581
1476582
1476583
1476584
1476585
1476586
1476587
1476588
1476589
1476590
1476591
1476592
1476593
1476594
1476595
1476596
1476597
1476598
1476599
1476600
1476601
1476602
1476603
1476604
1476605
1476606
1476607
1476608
1476609
1476610
1476611
1476612
1476613
1476614
1476615
1476616
1476617
1476618
1476619
1476620
1476621
1476622
1476623
1476624
1476625
1476626
1476627
1476628
1476629
1476630
1476631
1476632
1476633
1476634
1476635
1476636
1476637
1476638
1476639
1476640
1476641
1476642
1476643
1476644
1476645
1476646
1476647
1476648
1476649
1476650
1476651
1476652
1476653
1476654
1476655
1476656
1476657
1476658
1476659
1476660
1476661
1476662
1476663
1476664
1476665
1476666
1476667
1476668
1476669
1476670
1476671
1476672
1476673
1476674
1476675
1476676
1476677
1476678
1476679
1476680
1476681
1476682
1476683
1476684
1476685
1476686
1476687
1476688
1476689
1476690
1476691
1476692
1476693
1476694
1476695
1476696
1476697
1476698
1476699
1476700
1476701
1476702
1476703
1476704
1476705
1476706
1476707
1476708
1476709
1476710
1476711
1476712
1476713
1476714
1476715
1476716
1476717
1476718
1476719
1476720
1476721
1476722
1476723
1476724
1476725
1476726
1476727
1476728
1476729
1476730
1476731
1476732
1476733
1476734
1476735
1476736
1476737
1476738
1476739
1476740
1476741
1476742
1476743
1476744
1476745
1476746
1476747
1476748
1476749
1476750
1476751
1476752
1476753
1476754
1476755
1476756
1476757
1476758
1476759
1476760
1476761
1476762
1476763
1476764
1476765
1476766
1476767
1476768
1476769
1476770
1476771
1476772
1476773
1476774
1476775
1476776
1476777
1476778
1476779
1476780
1476781
1476782
1476783
1476784
1476785
1476786
1476787
1476788
1476789
1476790
1476791
1476792
1476793
1476794
1476795
2338709
2338710
2338711
2338712
2338713
2338714
2338715
2338716
2338717
2338718
2338719
2338720
2338721
2338722
2338723
2338724
2338725
2338726
2338727
2338728
2338729
2338730
2338731
2338732
2338733
2338734
2338735
2338736
2338737
2338738
2338739
2338740
2338741
2338742
2338743
2338744
2338745
2338746
2338747
2338748
2338749
2338750
2338751
2338752
2338753
2338754
2338755
2338756
2338757
2338758
2338759
2338760
2338761
2338762
2338763
2338764
2338765
2338766
2338767
2338768
2338769
2338770
2338771
2338772
2338773
2338774
2338775
2338776
2338777
2338778
2338779
2338780
2338781
2338782
2338783
2338784
2338785
2338786
2338787
2338788
2338789
2338790
2338791
2338792
2338793
2338794
2338795
2338796
2338797
2338798
2338799
2338800
2338801
2338802
2338803
2338804
2338805
2338806
2338807
2338808
2338809
2338810
2338811
2338812
2338813
2338814
2338815
2338816
2338817
2338818
2338819
2338820
2338821
2338822
2338823
2338824
2338825
2338826
2338827
2338828
2338829
2338830
2338831
2338832
2338833
2338834
2338835
2338836
2338837
2338838
2338839
2338840
2338841
2338842
2338843
2338844
2338845
2338846
2338847
2338848
2338849
2338850
2338851
2338852
2338853
2338854
2338855
2338856
2338857
2338858
2338859
2338860
2338861
2338862
2338863
2338864
2338865
2338866
2338867
2338868
2338869
2338870
2338871
2338872
2338873
2338874
2338875
2338876
2338877
2338878
2338879
2338880
2338881
2338882
2338883
2338884
2338885
2338886
2338887
2338888
2338889
2338890
2338891
2338892
2338893
2338894
2338895
2338896
2338897
2338898
2338899
2338900
2338901
2338902
2338903
2338904
2338905
2338906
2338907
2338908
2338909
2338910
2338911
2338912
2338913
2338914
2338915
2338916
2338917
2338918
2338919
2338920
2338921
2338922
2338923
2338924
2338925
2338926
2338927
2338928
2338929
2338930
2338931
2338932
2338933
2338934
2338935
2338936
2338937
2338938
2338939
2338940
2338941
2338942
2338943
2338944
2338945
2338946
2338947
2338948
2338949
2338950
2338951
2338952
2338953
2338954
2338955
2338956
2338957
2338958
2338959
2338960
2338961
2338962
2338963
2338964
2338965
2338966
2338967
2338968
2338969
2338970
2338971
2338972
2338973
2338974
2338975
2338976
2338977
2338978
2338979
2338980
2338981
2338982
2338983
2338984
2338985
2338986
2338987
2338988
2338989
2338990
2338991
2338992
2338993
2338994
2338995
2338996
2338997
2338998
2338999
2339000
2339001
2339002
2339003
2339004
2339005
2339006
2339007
2339008
2339009
2339010
2339011
2339012
2339013
2339014
2339015
2339016
2339017
2339018
2339019
2339020
2339021
2339022
2339023
2339024
2339025
2339026
2339027
2339028
2339029
2339030
2339031
2339032
2339033
2339034
2339035
2339036
2339037
2339038
2339039
2339040
2339041
2339042
2339043
2339044
2339045
2339046
2339047
2339048
2339049
2339050
2339051
2339052
2339053
2339054
2339055
2339056
2339057
2339058
2339059
2339060
2339061
2339062
2339063
2339064
2339065
2339066
2339067
2339068
2339069
2339070
2339071
2339072
2339073
2339074
2339075
2339076
2339077
2339078
2339079
2339080
2339081
2339082
2339083
2339084
2339085
2339086
2339087
2339088
2339089
2339090
2339091
2339092
2339093
2339094
2339095
2339096
2339097
2339098
2339099
2339100
2339101
2339102
2339103
2339104
2339105
2339106
2339107
2339108
2339109
2339110
2339111
2339112
2339113
2339114
2339115
2339116
2339117
2339118
2339119
2339120
2339121
2339122
2339123
2339124
2339125
2339126
2339127
2339128
2339129
2339130
2339131
2339132
2339133
2339134
2339135
2339136
2339137
2339138
2339139
2339140
2339141
2339142
2339143
2339144
2339145
2339146
2339147
2339148
2339149
2339150
2339151
2339152
2339153
2339154
2339155
2339156
2339157
2339158
2339159
2339160
2339161
2339162
2339163
2339164
2339165
2339166
2339167
2339168
2339169
2339170
2339171
2339172
2339173
2339174
2339175
2339176
2339177
2339178
2339179
2339180
2339181
2339182
2339183
2339184
2339185
2339186
2339187
2339188
2339189
2339190
2339191
2339192
2339193
2339194
2339195
2339196
2339197
2339198
2339199
2339200
2339201
2339202
2339203
2339204
2339205
2339206
2339207
2339208
2339209
2339210
2339211
2339212
2339213
2339214
2339215
2339216
2339217
2339218
2339219
2339220
2339221
2339222
2339223
2339224
2339225
2339226
2339227
2339228
2339229
2339230
2339231
2339232
2339233
2339234
2339235
2339236
2339237
2339238
2339239
2339240
2339241
2339242
2339243
2339244
2339245
2339246
2339247
2339248
2339249
2339250
2339251
2339252
2339253
2339254
2339255
2339256
2339257
2339258
2339259
2339260
2339261
2339262
2339263
2339264
2339265
2339266
2339267
2339268
2339269
2339270
2339271
2339272
2339273
2339274
2339275
2339276
2339277
2339278
2339279
2339280
2339281
2339282
2339283
2339284
2339285
2339286
2339287
2339288
2339289
2339290
2339291
2339292
2339293
2339294
2339295
2339296
2339297
2339298
2339299
2339300
2339301
2339302
2339303
2339304
2339305
2339306
2339307
2339308
2339309
2339310
2339311
2339312
2339313
2339314
2339315
2339316
2339317
2339318
2339319
2339320
2339321
2339322
2339323
2339324
2339325
2339326
2339327
2339328
2339329
2339330
2339331
2339332
2339333
2339334
2339335
2339336
2339337
2339338
2339339
2339340
2339341
2339342
2339343
2339344
2339345
2339346
2339347
2339348
2339349
2339350
2339351
2339352
2339353
2339354
2339355
2339356
2339357
2339358
2339359
2339360
2339361
2339362
2339363
2339364
2339365
2339366
2339367
2339368
2339369
2339370
2339371
2339372
2339373
2339374
2339375
2339376
2339377
2339378
2339379
2339380
2339381
2339382
2339383
2339384
2339385
2339386
2339387
2339388
2339389
2339390
2339391
2339392
2339393
2339394
2339395
2339396
2339397
2339398
2339399
2339400
2339401
2339402
2339403
2339404
2339405
2339406
2339407
2339408
2339409
2339410
2339411
2339412
2339413
2339414
2339415
2339416
2339417
2339418
2339419
2339420
2339421
2339422
2339423
2339424
2339425
2339426
2339427
2339428
2339429
2339430
2339431
2339432
2339433
2339434
2339435
2339436
2339437
2339438
2339439
2339440
2339441
2339442
2339443
2339444
2339445
2339446
2339447
2339448
2339449
2339450
2339451
2339452
2339453
2339454
2339455
2339456
2339457
2339458
2339459
2339460
2339461
2339462
2339463
2339464
2339465
2339466
2339467
2339468
2339469
2339470
2339471
2339472
2339473
2339474
2339475
2339476
2339477
2339478
2339479
2339480
2339481
2339482
2339483
2339484
2339485
2339486
2339487
2339488
2339489
2339490
2339491
2339492
2339493
2339494
2339495
2339496
2339497
2339498
2339499
2339500
2339501
2339502
2339503
2339504
2339505
2339506
2339507
2339508
2339509
2339510
2339511
2339512
2339513
2339514
2339515
2339516
2339517
2339518
2339519
2339520
2339521
2339522
2339523
2339524
2339525
2339526
2339527
2339528
2339529
2339530
2339531
2339532
2339533
2339534
2339535
2339536
2339537
2339538
2339539
2339540
2339541
2339542
2339543
2339544
2339545
2339546
2339547
2339548
2339549
2339550
2339551
2339552
2339553
2339554
2339555
2339556
2339557
2339558
2339559
2339560
2339561
2339562
2339563
2339564
2339565
2339566
2339567
2339568
2339569
2339570
2339571
2339572
2339573
2339574
2339575
2339576
2339577
2339578
2339579
2339580
2339581
2339582
2339583
2339584
2339585
2339586
2339587
2339588
2339589
2339590
2339591
2339592
2339593
2339594
2339595
2339596
2339597
2339598
2339599
2339600
2339601
2339602
2339603
2339604
2339605
2339606
2339607
2339608
2339609
2339610
2339611
2339612
2339613
2339614
2339615
2339616
2339617
2339618
2339619
2339620
2339621
2339622
2339623
2339624
2339625
2339626
2339627
2339628
2339629
2339630
2339631
2339632
2339633
2339634
2339635
2339636
2339637
2339638
2339639
2339640
2339641
2339642
2339643
2339644
2339645
2339646
2339647
2339648
2339649
2339650
2339651
2339652
2339653
2339654
2339655
2339656
2339657
2339658
2339659
2339660
2339661
2339662
2339663
2339664
2339665
2339666
2339667
2339668
2339669
2339670
2339671
2339672
2339673
2339674
2339675
2339676
2339677
2339678
2339679
2339680
2339681
2339682
2339683
2339684
2339685
2339686
2339687
2339688
2339689
2339690
2339691
2339692
2339693
2339694
2339695
2339696
2339697
2339698
2339699
2339700
2339701
2339702
2339703
2339704
2339705
2339706
2339707
2339708
2339709
2339710
2339711
2339712
2339713
2339714
2339715
2339716
2339717
2339718
2339719
2339720
2339721
2339722
2339723
2339724
2339725
2339726
2339727
2339728
2339729
2339730
2339731
2339732
2339733
2339734
2339735
2339736
2339737
2339738
2339739
2339740
2339741
2339742
2339743
2339744
2339745
2339746
2339747
2339748
2339749
2339750
2339751
2339752
2339753
2339754
2339755
2339756
2339757
2339758
2339759
2339760
2339761
2339762
2339763
2339764
2339765
2339766
2339767
2339768
2339769
2339770
2339771
2339772
2339773
2339774
2339775
2339776
2339777
2339778
2339779
2339780
2339781
2339782
2339783
2339784
2339785
2339786
2339787
2339788
2339789
2339790
2339791
2339792
2339793
2339794
2339795
2339796
2339797
2339798
2339799
2339800
2339801
2339802
2339803
2339804
2339805
2339806
2339807
2339808
2339809
2339810
2339811
2339812
2339813
2339814
2339815
2339816
2339817
2339818
2339819
2339820
2339821
2339822
2339823
2339824
2339825
2339826
2339827
2339828
2339829
2339830
2339831
2339832
2339833
2339834
2339835
2339836
2339837
2339838
2339839
2339840
2339841
2339842
2339843
2339844
2339845
2339846
2339847
2339848
2339849
2339850
2339851
2339852
2339853
2339854
2339855
2339856
2339857
2339858
2339859
2339860
2339861
2339862
2339863
2339864
2339865
2339866
2339867
2339868
2339869
2339870
2339871
2339872
2339873
2339874
2339875
2339876
2339877
2339878
2339879
2339880
2339881
2339882
2339883
2339884
2339885
2339886
2339887
2339888
2339889
2339890
2339891
2339892
2339893
2339894
2339895
2339896
2339897
2339898
2339899
2339900
2339901
2339902
2339903
2339904
2339905
2339906
2339907
2339908
2339909
2339910
2339911
2339912
2339913
2339914
2339915
2339916
2339917
2339918
2339919
2339920
2339921
2339922
2339923
2339924
2339925
2339926
2339927
2339928
2339929
2339930
2339931
2339932
2339933
2339934
2339935
2339936
2339937
2339938
2339939
2339940
2339941
2339942
2339943
2339944
2339945
2339946
2339947
2339948
2339949
2339950
2339951
2339952
2339953
2339954
2339955
2339956
2339957
2339958
2339959
2339960
2339961
2339962
2339963
2339964
2339965
2339966
2339967
2339968
2339969
2339970
2339971
2339972
2339973
2339974
2339975
2339976
2339977
2339978
2339979
2339980
2339981
2339982
2339983
2339984
2339985
2339986
2339987
2339988
2339989
2339990
2339991
2339992
2339993
2339994
2339995
2339996
2339997
2339998
2339999
2340000
2340001
2340002
2340003
2340004
2340005
2340006
2340007
2340008
2340009
2340010
2340011
2340012
2340013
2340014
2340015
2340016
2340017
2340018
2340019
2340020
2340021
2340022
2340023
2340024
2340025
2340026
2340027
2340028
2340029
2340030
2340031
2340032
2340033
2340034
2340035
2340036
2340037
2340038
2340039
2340040
2340041
2340042
2340043
2340044
2340045
2340046
2340047
2340048
2340049
2340050
2340051
2340052
2340053
2340054
2340055
2340056
2340057
2340058
2340059
2340060
2340061
2340062
2340063
2340064
2340065
2340066
2340067
2340068
2340069
2340070
2340071
2340072
2340073
2340074
2340075
2340076
2340077
2340078
2340079
2340080
2340081
2340082
2340083
2340084
2340085
2340086
2340087
2340088
2340089
2340090
2340091
2340092
2340093
2340094
2340095
2340096
2340097
2340098
2340099
2340100
2340101
2340102
2340103
2340104
2340105
2340106
2340107
2340108
2340109
2340110
2340111
2340112
2340113
2340114
2340115
2340116
2340117
2340118
2340119
2340120
2340121
2340122
2340123
2340124
2340125
2340126
2340127
2340128
2340129
2340130
2340131
2340132
2340133
2340134
2340135
2340136
2340137
2340138
2340139
2340140
2340141
2340142
2340143
2340144
2340145
2340146
2340147
2340148
2340149
2340150
2340151
2340152
2340153
2340154
2340155
2340156
2340157
2340158
2340159
2340160
2340161
2340162
2340163
2340164
2340165
2340166
2340167
2340168
2340169
2340170
2340171
2340172
2340173
2340174
2340175
2340176
2340177
2340178
2340179
2340180
2340181
2340182
2340183
2340184
2340185
2340186
2340187
2340188
2340189
2340190
2340191
2340192
2340193
2340194
2340195
2340196
2340197
2340198
2340199
2340200
2340201
2340202
2340203
2340204
2340205
2340206
2340207
2340208
2340209
2340210
2340211
2340212
2340213
2340214
2340215
2340216
2340217
2340218
2340219
2340220
2340221
2340222
2340223
2340224
2340225
2340226
2340227
2340228
2340229
2340230
2340231
2340232
2340233
2340234
2340235
2340236
2340237
2340238
2340239
2340240
2340241
2340242
2340243
2340244
2340245
2340246
2340247
2340248
2340249
2340250
2340251
2340252
2340253
2340254
2340255
2340256
2340257
2340258
2340259
2340260
2340261
2340262
2340263
2340264
2340265
2340266
2340267
2340268
2340269
2340270
2340271
2340272
2340273
2340274
2340275
2340276
2340277
2340278
2340279
2340280
2340281
2340282
2340283
2340284
2340285
2340286
2340287
2340288
2340289
2340290
2340291
2340292
2340293
2340294
2340295
2340296
2340297
2340298
2340299
2340300
2340301
2340302
2340303
2340304
2340305
2340306
2340307
2340308
2340309
2340310
2340311
2340312
2340313
2340314
2340315
2340316
2340317
2340318
2340319
2340320
2340321
2340322
2340323
2340324
2340325
2340326
2340327
2340328
2340329
2340330
2340331
2340332
2340333
2340334
2340335
2340336
2340337
2340338
2340339
2340340
2340341
2340342
2340343
2340344
2340345
2340346
2340347
2340348
2340349
2340350
2340351
2340352
2340353
2340354
2340355
2340356
2340357
2340358
2340359
2340360
2340361
2340362
2340363
2340364
2340365
2340366
2340367
2340368
2340369
2340370
2340371
2340372
2340373
2340374
2340375
2340376
2340377
2340378
2340379
2340380
2340381
2340382
2340383
2340384
2340385
2340386
2340387
2340388
2340389
2340390
2340391
2340392
2340393
2340394
2340395
2340396
2340397
2340398
2340399
2340400
2340401
2340402
2340403
2340404
2340405
2340406
2340407
2340408
2340409
2340410
2340411
2340412
2340413
2340414
2340415
2340416
2340417
2340418
2340419
2340420
2340421
2340422
2340423
2340424
2340425
2340426
2340427
2340428
2340429
2340430
2340431
2340432
2340433
2340434
2340435
2340436
2340437
2340438
2340439
2340440
2340441
2340442
2340443
2340444
2340445
2340446
2340447
2340448
2340449
2340450
2340451
2340452
2340453
2340454
2340455
2340456
2340457
2340458
2340459
2340460
2340461
2340462
2340463
2340464
2340465
2340466
2340467
2340468
2340469
2340470
2340471
2340472
2340473
2340474
2340475
2340476
2340477
2340478
2340479
2340480
2340481
2340482
2340483
2340484
2340485
2340486
2340487
2340488
2340489
2340490
2340491
2340492
2340493
2340494
2340495
2340496
2340497
2340498
2340499
2340500
2340501
2340502
2340503
2340504
2340505
2340506
2340507
2340508
2340509
2340510
2340511
2340512
2340513
2340514
2340515
2340516
2340517
2340518
2340519
2340520
2340521
2340522
2340523
2340524
2340525
2340526
2340527
2340528
2340529
2340530
2340531
2340532
2340533
2340534
2340535
2340536
2340537
2340538
2340539
2340540
2340541
2340542
2340543
2340544
2340545
2340546
2340547
2340548
2340549
2340550
2340551
2340552
2340553
2340554
2340555
2340556
2340557
2340558
2340559
2340560
2340561
2340562
2340563
2340564
2340565
2340566
2340567
2340568
2340569
2340570
2340571
2340572
2340573
2340574
2340575
2340576
2340577
2340578
2340579
2340580
2340581
2340582
2340583
2340584
2340585
2340586
2340587
2340588
2340589
2340590
2340591
2340592
2340593
2340594
2340595
2340596
2340597
2340598
2340599
2340600
2340601
2340602
2340603
2340604
2340605
2340606
2340607
2340608
2340609
2340610
2340611
2340612
2340613
2340614
2340615
2340616
2340617
2340618
2340619
2340620
2340621
2340622
2340623
2340624
2340625
2340626
2340627
2340628
2340629
2340630
2340631
2340632
2340633
2340634
2340635
2340636
2340637
2340638
2340639
2340640
2340641
2340642
2340643
2340644
2340645
2340646
2340647
2340648
2340649
2340650
2340651
2340652
2340653
2340654
2340655
2340656
2340657
2340658
2340659
2340660
2340661
2340662
2340663
2340664
2340665
2340666
2340667
2340668
2340669
2340670
2340671
2340672
2340673
2340674
2340675
2340676
2340677
2340678
2340679
2340680
2340681
2340682
2340683
2340684
2340685
2340686
2340687
2340688
2340689
2340690
2340691
2340692
2340693
2340694
2340695
2340696
2340697
2340698
2340699
2340700
2340701
2340702
2340703
2340704
2340705
2340706
2340707
2340708
2340709
2340710
2340711
2340712
2340713
2340714
2340715
2340716
2340717
2340718
2340719
2340720
2340721
2340722
2340723
2340724
2340725
2340726
2340727
2340728
2340729
2340730
2340731
2340732
2340733
2340734
2340735
2340736
2340737
2340738
2340739
2340740
2340741
2340742
2340743
2340744
2340745
2340746
2340747
2340748
2340749
2340750
2340751
2340752
2340753
2340754
2340755
2340756
2340757
2340758
2340759
2340760
2340761
2340762
2340763
2340764
2340765
2340766
2340767
2340768
2340769
2340770
2340771
2340772
2340773
2340774
2340775
2340776
2340777
2340778
2340779
2340780
2340781
2340782
2340783
2340784
2340785
2340786
2340787
2340788
2340789
2340790
2340791
2340792
2340793
2340794
2340795
2340796
2340797
2340798
2340799
2340800
2340801
2340802
2340803
2340804
2340805
2340806
2340807
2340808
2340809
2340810
2340811
2340812
2340813
2340814
2340815
2340816
2340817
2340818
2340819
2340820
2340821
2340822
2340823
2340824
2340825
2340826
2340827
2340828
2340829
2340830
2340831
2340832
2340833
2340834
2340835
2340836
2340837
2340838
2340839
2340840
2340841
2340842
2340843
2340844
2340845
2340846
2340847
2340848
2340849
2340850
2340851
2340852
2340853
2340854
2340855
2340856
2340857
2340858
2340859
2340860
2340861
2340862
2340863
2340864
2340865
2340866
2340867
2340868
2340869
2340870
2340871
2340872
2340873
2340874
